function [out] = hypo_5year_g(x)
 out = -499554.323273027 * exp( -( dist(10, x) )^2 * 0.8325 )...
+ -275038.078763875 * exp( -( dist(7.5, x) )^2 * 0.8325 )...
+ -122079.021533237 * exp( -( dist(5, x) )^2 * 0.8325 )...
+ -30216.1991937837 * exp( -( dist(2.5, x) )^2 * 0.8325 )...
+ 887.014475498437;
end